124

Die 1010100100 1001001000 300 Ρ110000 001300 0011101103 0003 310 010-
1003010 1100νο11001 3003 3030103010 durchweg 0101003-3030113010000

010030 .
⁸ 1120 kann 10130030 810100 in der N'ervntion 0010000301300.

30010 81010. 11101000 000 3112 zon 1⁸23.

8010003101 mnu 310 00011 der Spitne 300 einzelnen 8000010000 0103
3100103003011000 010 0000031ιο Ηο0010000, οο 0010111 31000 3 1103003010,
1110100 01000 000310, 0110 0101003, 0030303011, meist 0113000030ιο 300
0111000100 110100, 00010300 010100330303011 00 0010 011031. Βο1 300 01101001-
330110300 Form 000301010οο3 300 1101000310 01010033030113. 10 001ιο 001-
10000 111100301 310 secundare vene 1101100000 nuri 30010, 310 30130
110100 101100, 30130 0101003, 00301301110103.

1011 30000100 3100, 3000 00 003000010101118103003011 310 31111010οιιο
1100030300, 30 310 330ιο 0110 000 01001103 310103003130110 0103; 30300
101 00 nm 303000010031000011 3οι Spitze 300 800001οι 310 01030030 Vene
010 001030 0100000300.

Man wird 00001001 finden, 3000 300 Τ3011 300 1100001100, 00010300
110100 000 300 0000033000 100001οο 0003 dem 110300011010310 11031, im-
1000 01301000 0010101011 101, 010 300 00031ος jn 00 100οι01 000, 3000 310 1
1001111000 venen, welche zu einer 0000031000 010 30010 3033000,301301101ιο
000 300 1011010000 110300. Β1οΕ010130003 301110 101 wohl sehr 0101003. Dutch
310 000003100100000103 310 800001οι· 01010101003101011011311100 30-

130111, 30000 303000ιο 01010 31011010101, welche daher auch znhlreichere
1100ιο01010 00101001. ·

100101101011010010 1 1011 lang.

Dio 0000031001000 0031111 110100 3 1103000010, 0110 0011 30οιιο11000
300 0111000100, 3003030113101,0101001ι; 000310 000 01000, 3003000 010-
10011 0300 3030113 101.

1101110 31010. 1101000 110 11 1011 lug.

1110 0000031100 veno 0011311 1101ιο 3 1103000010, 0110 3030113, 0300
000 300 0300010 01010031 0003101, 30130 0300 000 3οι 001000 3030113.

110010 81010. 1101010 110 8 1011 1000.

111000000310011000 003311 11030 4—ss 11030000010, 0110 0300 310
00010100 mit 11000011ιο0 300 03000100, 3030113, 000310 1-130010, 310 00-
1000100 1 001013030113, 310 030000 00001 01010 0030130111, 0101003.

Dor 00100010 Ast links 10111 0030 310113 000 001000 0000033000
100030100001003 von ihr 010000 00110001001, 003 00 0010101100 3000
310 003000001εο „Grnppen 000 113οι011, 0010 010 Κο000 000010. Eine 30-
000000 30100031003 101101 103003, 3000 310 0000113010, 301000010 0003000
11000, 3000 010 301 O. jamnica, 010 300 00100010 Ast 300 3010300100 00000-
33000 1000 zu 3010003100 101. wie 103 301 0. 10000100 30ιο1313030, 00103

 

